0.39 -1.26
0.25 -1.22
-0.24 0.25
-1.22 0.15
-2.45 2.66
-2.47 3.9
-2.58 5.0
-2.6 6.16
-2.67 7.31
-2.82 8.45
-3.01 9.64
-3.07 10.57
-4.05 10.86
-4.42 9.88
-4.17 8.69
-3.67 6.26
-3.38 5.05
-2.83 1.43
-1.22 -0.12
-0.34 -0.27
-0.21 -1.27
0.2 -1.31
0.16 -1.57
-0.01 -1.16
0.01 -0.18
-0.73 -0.04
-0.68 0.0
-0.73 0.12
-1.48 0.22
-2.22 1.91
-2.26 3.03
-2.41 4.23
-2.57 5.39
-2.85 10.03
-3.2 11.06
-4.21 10.62
-0.68 -0.48
-0.35 -0.92
-0.25 -1.45
-0.15 -1.79
0.2 -1.97
0.05 -2.06
0.1 -1.7
-0.01 -1.16
-0.25 -0.21
-0.98 -0.38
-0.45 -0.5
0.42 -0.84
0.85 -0.89
0.73 -1.08
0.55 -1.56
0.22 -1.72
0.42 -1.51
1 1
1 1
1 2
1 3
1 3
1 6
9 6
